function [l,u,cost,cal,fat,protein,vitamin,mineral] = DietData

% Min Quantity
l = [80 50 20 100 50 150 50 50 50 20 50 100 20 100 100 50 50 50 100 100 50 50 50 50 50 50 50 50 50 50];
% Max Quantity
u = [150 200 50 300 150 300 200 200 150 50 200 300 50 200 200 150 150 200 200 300 200 150 150 150 150 150 150 200 150 150];

% Cost
cost = [40 60 180 50 30 20 40 150 60 250 20 25 220 15 25 80 40 100 30 20 120 90 200 150 40 80 40 120 30 30];

% Calorie per 100g
cal = [89 247 717 61 30 130 116 265 68 576 23 87 654 18 41 34 25 76 86 16 165 155 206 208 84 22 116 265 43 140];

% fat per 100g
fat = [0.3 4.2 81 3.2 0.2 0.3 0.4 20 1.4 49 0.4 0.1 65 0.2 0.2 0.4 0.3 4.8 0.1 0.1 3.6 11 13 11.5 0.4 0.3 0.4 20 0.1 0.8];

% protein per 100g
protein = [1.1 12 0.9 3.3 3.4 2.7 9 18 2.4 21 3.1 2.1 15 0.9 0.9 2.8 1.9 8 1.6 0.7 31 13 22 24 5 3.1 9 18 1.6 9.1];

% vitamin per 100g
vitamin = [ 8.7 0.2 0 0.04 0.4 0.1 1.5 0.5 0.1 0.9 0.6 10.3 0.2 13 16 89.2 48 1 18.7 2.8 0.1 1.1 0.1 0.5 0.3 0.2 0.5 0.5 0.2 0.3];

% mineral per 100g
mineral = [27 100 24 125 24 10 15 13 45 269 99 7 158 10 33 47 22 15 25 16 10 55 42 350 24 7 15 13 16 20];
